LS Wavelength, LS Error, FFT Wavelength, FFT Error
3), 0.000000577742, 0.000000010299, 0.000000572291, 0.0000000323660
4), 0.000000555282, 0.000000012612, 0.000000568332, 0.000000016355
5), 0.000000530417, 0.000000008810, 0.000000536544, 0.000000028776
RedLaser1.csv, 0.000000665195, 0.000000012606, 0.000000653941, 0.000000019888
RedLaser2.csv, 0.000000626132, 0.000000012060, 0.000000642938, 0.000000020735
RedLaser3.csv, 0.000000626070, 0.000000011912, 0.000000612912, 0.000000018640
Helium1.csv, 0.000000555243, 0.000000017844, 0.000000563158, 0.000000015383
Helium2.csv, 0.000000570152, 0.000000014011, 0.000000569088, 0.000000017307
Helium3.csv, 0.000000540864, 0.000000013173, 0.000000544912, 0.000000032599
Helium4.csv, 0.000000547994, 0.000000012735, 0.000000547583, 0.000000015758
BlueLED1.csv, 0.000000436723, 0.000000028656, 0.000000422437, 0.000000053227
BlueLED2.csv, 0.000000444527, 0.000000014084, 0.000000440957, 0.000000019613
BlueLED3(noisy).csv, 0.000000439056, 0.000000010934, 0.000000432235, 0.000000013145
BlueLED4.csv, 0.000000437155, 0.000000038624, 0.000000452810, 0.000000054359
Orange1.csv, 0.000000581556, 0.000000019868, 0.000000584567, 0.000000039556
Orange2.csv, 0.000000570327, 0.000000014290, 0.000000564524, 0.000000014006
Orange3.csv, 0.000000586848, 0.000000017226, 0.000000574972, 0.000000016546
Orange4.csv, 0.000000558703, 0.000000010902, 0.000000548750, 0.000000087850
Orange5.csv, 0.000000577499, 0.000000015863, 0.000000574211, 0.000000015685
RedLEDBox1.csv, 0.000000577216, 0.000000012846, 0.000000581964, 0.000000021366
RedLEDBox2.csv, 0.000000546348, 0.000000015096, 0.000000547133, 0.000000018785
RedLEDBox3(best).csv, 0.000000579729, 0.000000014233, 0.000000579235, 0.000000034652
RedLEDBox4.csv, 0.000000544530, 0.000000011986, 0.000000545605, 0.000000029262
Lamp1.csv, 0.000000745918, 0.000000072650, 0.000000773900, 0.000000155554
Lamp2.csv, 0.000000746980, 0.000000105927, 0.000000742800, 0.000000149303
Lamp3.csv, 0.000000778343, 0.000000083597, 0.000000731583, 0.000000122662
Lamp4.csv, 0.000000731281, 0.000000077754, 0.000000694400, 0.000000139574